   NN   STATION    X       Y       H      CODE    COMMENT
   1             600.000 600.000 212.405   99
   2             555.851 599.999 214.116   14
   3             613.907 563.375 212.666   14
   4             613.915 563.352 212.666   14
   5             613.915 563.352 212.666   99
   6             600.018 526.752 212.384   14
   7             613.915 563.352 212.666   99
   8             600.029 599.924 212.384   99
   9             600.028 599.924 212.384   99
   10            599.886 599.878 212.385   99
   11            601.031 604.909 212.282   99
   12            594.946 606.488 212.524   99
   13            593.975 601.467 212.508   99
   14            590.568 637.176 212.386   11
   15            640.602 638.190 211.315   11
   16            640.619 662.329 211.452   11
   17            590.227 662.679 212.334   11
   18            590.557 637.185 212.385   11
   19            616.508 593.622 212.022   14
   20            672.286 629.614 210.819   14
   21            682.342 649.145 210.464   14
   22            655.689 682.362 211.835   14
   23            661.794 701.818 211.881   56
   24            670.173 699.785 211.418   47
   25            699.918 666.341 210.578   47
   26            743.089 607.795 211.357   14
   27            745.193 603.723 212.101   11
   28            740.932 603.196 211.397   45
   29            737.895 601.026 211.424   45
   30            733.304 603.605 211.300   45
   31            729.865 605.348 211.037   45
   32            714.110 589.752 211.642   45
   33            720.555 581.903 212.400   45
   34            721.793 571.134 213.280   42
   35            711.850 560.978 213.301   42
   36            727.727 502.829 214.142   47
   37            725.054 500.157 214.160   47
   38            690.642 538.614 212.649   42
   39            688.431 550.273 212.056   14
   40            672.982 540.921 212.308   45
   41            664.322 533.352 212.482   45
   42            645.372 513.667 212.696   45
   43            635.430 499.978 212.944   45
   44            636.684 496.177 213.005   14
   45            670.293 449.479 214.224   11
   46            689.302 466.181 214.387   11
   47            707.079 481.650 214.011   11
   48            714.060 488.919 214.085   11
   49            717.791 492.667 214.053   11
   50            717.763 492.653 214.053   13
   51     ST2    613.915 563.352 212.666   99
   52            600.020 599.946 212.376   99       ST1
   53            584.634 512.356 213.066   99       ST3
   54            555.937 599.973 214.006   14
   55            561.852 557.075 214.157   14
   56            567.430 501.749 213.400   14
   57            532.744 446.384 214.673   14
   58            526.869 451.048 214.580   40
   59            523.572 453.684 214.611   40
   60            575.369 432.459 214.116   14
   61            584.632 441.430 213.846   14
   62            573.989 401.024 214.252   47
   63            594.356 358.310 215.075   47
   64            596.894 369.349 214.856   45
   65            601.200 373.613 214.660   45
   66            613.395 334.124 216.362   45
   67            618.652 339.473 215.789   13
   68            628.945 353.836 217.581   13
   69            635.168 360.466 216.726   13
   70            627.644 374.740 215.296   13
   71            628.872 373.229 215.111   13
   72            626.398 373.226 215.009   13
   73            650.263 370.385 215.865   13
   74            656.061 377.129 217.123   13
   75            605.185 418.989 214.205   45
   76            617.665 433.355 213.978   47
   77            639.885 410.761 214.497   47
   78            648.231 419.992 214.431   47
   79            665.911 397.738 215.593   81
   80            670.192 401.986 215.201   81
   81            672.787 399.212 215.318   81
   82            655.811 430.369 214.330   45
   83            650.099 440.207 214.141   45
   84            660.882 451.720 214.109   45
   85            684.014 411.711 215.509   13
   86            686.853 405.808 216.719   13
   87            685.553 402.685 215.730   13
   88            687.873 415.754 215.805   13
   89            692.273 411.104 216.117   13
   90            675.753 444.288 214.478   13
   91            678.256 446.235 214.619   13
   92            680.929 443.166 215.129   13
   93            704.130 422.841 215.449   13
   94            703.841 432.765 215.376   13
   95            708.568 437.115 215.005   13
   96            715.751 434.214 216.340   13
   97            725.721 452.454 214.549   13
   98            719.405 447.485 214.780   13
   99            723.756 442.553 216.137   13
  100            729.953 448.189 214.642   13
  101            759.555 484.464 216.843   13
  102            752.487 477.388 216.564   13
  103            738.966 504.133 216.051   13
  104            738.035 509.586 215.504   13
  105            736.162 507.634 215.530   13
  106            733.538 497.670 216.183   13
  107            731.316 495.050 215.983   13
  108            776.121 516.064 214.342   13
  109            780.380 511.522 214.635   13
  110            779.800 519.993 216.259   13
  111            786.741 519.616 217.164   13
  112            794.095 528.198 216.268   13
  113            790.525 533.394 216.549   13
  114            784.340 540.037 214.957   13
  115            786.973 542.419 215.787   13
  116            650.066 582.815 211.667  111
  117            648.418 544.332 212.020  111
  118            644.817 514.547 212.545  111
  119            617.705 497.488 212.648  111
  120            584.628 512.358 213.063   99       ST3
  121     ST3    584.627 512.358 213.063   99
  122     ST2    613.885 563.302 212.643   99       ST3
  123     ST4    573.168 455.865 213.627   99       ST3
  124            587.811 443.533 213.711  111
  125            602.944 453.792 213.558  111
  126            592.461 441.390 215.635  111
  127            604.649 448.328 213.546  111
  128            604.040 445.370 212.840   90
  129            609.489 439.393 212.773   90
  130            608.841 437.395 212.828   90
  131            607.386 436.989 212.775   90
  132     ST4    573.175 455.875 213.626   99
  133     ST3    584.632 512.358 213.060   90
  134     ST5    543.063 361.511 214.235   90
  135     ST5    543.063 361.511 214.235   99
  136     ST4    573.204 455.964 213.608   90
  137            574.419 430.059 214.494   14
  138            577.047 424.938 214.332   45
  139            586.665 435.730 213.867   45
  140            573.456 407.857 213.576   90
  141            572.214 398.496 213.561   90
  142            568.366 390.378 213.628   90
  143            558.989 390.156 213.646   90
  144            562.202 398.394 213.629   90
  145            556.037 400.475 214.431  111
  146            536.693 388.390 213.919  111
  147            532.132 444.814 214.543   14
  148            532.658 444.806 214.543   14
  149            524.804 443.257 214.434   40
  150            521.110 443.813 214.479   40
  151            588.786 387.317 214.662   14
  152            515.501 408.421 214.369   40
  153            582.783 364.231 215.251   14
  154            518.009 407.704 214.436   40
  155            518.013 407.601 214.436   40
  156            591.482 347.475 216.835   13
  157            513.283 340.525 214.615   40
  158            593.273 329.783 215.719   14
  159            590.544 299.203 215.367   14
  160            518.623 321.603 214.916   40
  161            521.093 322.711 214.913   40
  162            526.051 309.097 214.978   40
  163            658.981 229.149 217.234   13
  164            523.720 307.679 214.965   40
  165            647.567 219.119 217.878   13
  166            515.926 292.894 215.495   14
  167            617.353 284.297 216.086   99       ST6
  168            622.784 307.492 215.427   47
  169            532.359 289.745 215.012   40
  170            534.542 291.087 214.995   40
  171     ST6    617.353 284.297 216.086   99
  172     ST5    543.073 361.486 214.164   40
  173     ST6    543.028 361.571 214.212   40
  174            588.962 277.490 214.610   90
  175            587.033 274.892 215.418  111
  176            583.246 271.570 215.096  111
  177            580.383 279.811 215.237  111
  178            582.449 280.643 215.555  111
  179            626.841 322.252 216.472   13
  180            621.242 315.537 214.757   90
  181            631.233 327.191 217.316   13
  182            672.090 257.272 216.603   13
  183            664.263 251.547 216.605   13
  184            665.069 279.290 216.008   56
  185            664.620 274.909 215.793   11
  186            659.843 265.519 215.540   11
  187            655.380 255.252 215.569   11
  188            653.088 255.962 215.529   56
  189            650.911 245.815 215.631   47
  190            645.675 234.201 215.836   11
  191            641.916 233.428 215.902   56
  192            640.251 230.540 215.973   56
  193            634.248 201.101 216.119   47
  194            619.684 270.412 215.812  111
  195            622.042 264.553 215.178  111
  196            620.152 256.275 215.390  111
  197            618.396 250.810 215.560  111
  198            613.954 249.604 215.907  111
  199            608.373 252.693 215.709  111
  200            605.626 257.654 215.486  111
  201            609.910 264.028 215.779  111
  202            614.777 263.349 215.591  111
  203            612.882 260.907 214.419  111
  204            617.627 254.354 214.476  111
  205            611.613 252.393 214.399  111
  206            605.077 249.366 215.374  111
  207            597.344 252.271 215.388   56
  208            596.798 255.258 215.212   56
  209            593.890 255.282 215.316  111
  210            597.848 264.972 215.796  111
  211            599.214 267.078 215.027  111
  212            599.080 270.101 214.405   90
  213            593.093 273.475 214.412   90
  214            588.609 271.083 215.526  111
  215            584.405 267.248 215.106  111
  216            570.584 284.179 215.165  111
  217            580.363 284.285 215.709  111
  218            583.641 284.487 214.664   90
  219            576.210 294.429 215.357  111
  220            583.059 293.532 215.623  111
  221            588.986 296.547 215.687  111
  222            584.251 300.091 215.092  111
  223            590.690 299.105 215.280   56
  224            595.205 297.492 215.612  111
  225            595.612 302.177 215.060  111
  226            602.606 301.441 215.098  111
  227            602.915 296.921 215.761  111
  228            603.915 294.029 214.527   90
  229            605.319 296.518 215.636  111
  230            610.975 286.840 214.560   90
  231            616.022 277.349 214.556   90
  232            615.997 295.304 215.156  111
  233            619.999 278.578 215.593  111
  234            612.442 292.855 215.790  111
  235            626.080 280.362 215.064  111
  236            634.467 277.726 215.203   14
  237            650.264 296.057 216.003   14
  238            639.914 272.095 215.269  111
  239            655.110 301.590 216.070   14
  240            665.091 279.131 216.010   14
  241            651.588 305.419 216.055   14
  242            667.902 281.766 216.105   11
  243            651.184 323.115 216.135   11
  244            674.385 295.079 216.113   11
  245            650.610 318.695 215.851   11       TR
  246            650.062 319.059 215.978   11       TR
  247            675.761 301.332 216.303   14
  248            651.893 301.284 215.946   14       TR
  249            652.626 299.200 216.002   14       TR
  250            663.485 308.939 216.586   40
  251            670.671 311.732 216.621   40
  252            665.777 313.403 216.585   40
  253            659.433 300.438 216.526   40
  254            663.892 298.068 216.536   40
  255            654.158 287.849 216.302   40
  256            658.588 285.992 216.320   40
  257            646.900 269.052 215.856   40
  258            650.588 267.403 215.803   40
  259            633.406 234.346 216.036   40
  260            637.778 231.979 216.173   40
  261            629.609 229.473 216.092   40
  262            635.120 222.687 216.272   40
  263            626.789 218.729 216.350   40
  264            632.136 209.717 216.335   40
  265            626.147 210.053 216.332   40
  266            624.765 198.569 215.898   40
  267            622.279 208.644 216.167   40
  268            618.187 203.507 215.905   40
  269            618.037 208.419 216.089   40
  270            608.097 209.500 216.108   40
  271            594.645 225.381 216.149   40
  272            592.549 222.152 216.141   40
  273            574.911 239.597 215.835   40
  274            573.533 236.993 215.924   40
  275            564.897 247.357 215.496   40
  276            563.138 245.390 215.522   40
  277            553.812 259.040 215.246   40
  278            551.413 257.214 215.305   40
  279            543.855 275.167 215.080   40
  280            540.331 273.363 215.100   40
  281            535.550 289.578 214.980   40
  282            532.864 288.472 215.052   40
  283            558.666 279.606 214.979  111
  284            556.510 293.027 214.912  111
  285            585.654 236.509 216.045  111
  286            682.830 298.880 217.617   13
  287            676.074 295.216 216.872   84
  288            678.072 289.627 217.003   84
  289            674.843 281.225 216.895   84
  290            672.910 276.349 216.926   84
  291            690.539 293.773 217.831   13
  292            688.710 307.328 217.474   13
  293            693.725 310.863 217.494   13
  294            685.951 318.627 216.356   11
  295            680.368 329.286 216.671   99
  296            680.346 329.272 216.672   99
  297            622.997 308.396 216.146   42        L
  298            617.704 314.368 216.127   42        L
  299            617.382 284.317 216.069   42        L
  300            700.692 343.239 216.025   47
  301            689.806 324.486 216.231   47
  302            688.858 317.943 216.325   84
  303            702.086 342.009 216.108   84
  304            691.605 324.609 216.186   84
  305            693.555 328.156 216.191   84
  306            696.771 332.994 216.116   84
  307            698.759 336.413 216.119   84
  308            699.336 322.700 216.197   13
  309            706.041 332.139 215.981   13
  310            689.844 337.859 216.138   14
  311            690.108 336.168 216.157  111
  312            676.079 352.281 216.198   14
  313            686.430 340.414 216.528   40
  314            681.976 342.896 216.611   40
  315            676.868 347.514 216.133  111
  316            692.604 349.764 216.364   40
  317            688.580 352.149 216.398   40
  318            693.862 348.587 215.765  111
  319            686.882 353.452 215.946  111
  320            701.774 362.518 215.993   40
  321            697.961 364.694 216.094   40
  322            705.586 359.273 215.786   40
  323            693.204 367.847 215.690  111
  324            711.798 360.619 215.691   47
  325            688.813 369.620 215.721   47
  326            683.524 369.588 217.189   47
  327            716.155 366.849 215.533   47
  328            683.071 363.097 215.778   47
  329            708.955 371.935 215.869   47
  330            669.576 347.989 216.252   47
  331            666.579 344.664 216.270   47       GAR
  332            705.545 374.380 215.907   40
  333            661.454 340.853 216.465   84
  334            659.531 338.570 216.820   84
  335            657.497 335.962 216.698   84
  336            655.765 333.546 216.853   84
  337            653.719 331.135 216.717   84
  338            675.534 352.439 216.144   84
  339            701.679 377.541 215.450  111
  340            685.079 366.222 216.678  111       KOL
  341            701.736 377.456 215.447  111
  342            700.865 381.576 215.471   14
  343            700.021 382.340 215.505   47
  344            712.462 369.512 215.634  111
  345            722.705 388.627 215.742   40
  346            718.795 391.291 215.728   40
  347            723.568 387.724 215.264  111
  348            715.805 394.366 215.400  111
  349            725.964 385.722 215.404  111
  350            727.967 387.182 215.579   14
  351            730.421 384.972 215.473   11
  352            731.329 396.443 215.390   84        K
  353            716.321 401.396 217.036   47
  354     ST8    710.740 382.165 215.763   99
  355     ST7    680.364 329.302 216.675   99
  356            721.413 352.893 216.237   13
  357            714.936 344.719 218.578   13
  358            716.115 366.699 215.551   47
  359            704.975 388.025 215.458   11
  360            731.157 385.840 215.464   47
  361            710.553 396.905 215.720   84
  362            713.855 400.936 215.645   84
  363            717.926 404.523 215.684   84
  364            724.247 409.310 215.357   14
  365            740.711 408.776 215.303   42        L
  366            744.711 402.984 215.267   47
  367            744.709 402.984 215.267   81
  368            747.260 406.217 214.809   81
  369            723.258 397.177 215.584   40
  370            727.090 393.798 215.678   40
  371            730.482 406.141 215.460   40
  372            733.935 403.009 215.499   40
  373            727.308 409.104 215.163  111
  374            738.486 418.935 214.903  111
  375            743.631 413.103 215.001  111
  376            739.647 417.712 215.288   40
  377            743.315 414.898 215.337   40
  378            747.693 427.877 215.279   40
  379            751.253 424.991 215.246   40
  380            742.785 431.749 214.903  111
  381            754.966 422.625 214.918  111
  382     ST8    710.759 382.190 215.761  111
  383            761.525 598.418 216.000   27
  384            747.329 455.743 216.604   13
  385            751.275 459.692 216.612   13
  386            752.219 443.981 214.832   47
  387            754.047 443.718 214.730   14
  388            748.847 440.193 214.878   47
  389            743.584 433.923 214.904   11
  390            730.979 438.361 215.374   13
  391            735.167 442.154 215.710   13
  392            732.772 420.439 215.094   47
  393            599.816 600.106 212.342   12
  394            599.816 600.103 212.342   12
  395            747.240 406.208 215.338   81
  396            747.655 406.057 215.376   47
  397            758.476 419.636 215.019   11
  398            764.319 427.246 214.954   47
  399            713.970 418.313 215.720   47
  400            721.762 426.420 216.616   47
  401            721.771 426.421 216.616   13
  402            758.363 406.824 215.884   13
  403            762.577 412.273 215.599   13
  404            757.822 414.813 215.641   84
  405            752.687 411.489 215.860   84
  406            756.481 431.702 215.162   40
  407            752.765 434.599 215.307   40
  408            763.011 447.340 215.185   40
  409            760.730 449.940 214.614  111
  410            756.666 449.515 214.834   11
  411            767.278 445.067 215.166   40
  412            770.925 442.587 214.840   14
  413            774.154 440.272 214.878   11
  414            773.296 426.524 216.021   13
  415            777.614 432.223 216.933   13
  416            779.325 447.075 214.995   47
  417            780.087 479.381 215.028   47
  418            783.634 452.569 214.807   47
  419            784.053 479.353 214.675   14
  420            784.219 460.731 214.698  111
  421            784.648 477.538 214.392  111
  422            792.886 470.023 214.464   14
  423            800.104 494.884 214.682   99
  424            800.066 494.839 214.682   99
  425            800.306 494.324 214.646   40
  426            796.205 468.579 215.087   47
  427            803.393 491.676 214.617   40
  428            811.222 488.061 214.548   47
  429     ST10   800.066 494.839 214.682   99
  430            747.470 431.838 214.915   99
  431            599.850 600.078 212.326   99       ST1
  432            599.848 600.077 212.326   99       ST1
  433            793.962 453.066 216.282   13
  434            801.954 475.751 214.604   11
  435            776.359 483.881 214.752   11
  436            781.224 485.020 214.859   84
  437            784.465 489.308 214.687   84
  438            790.319 495.480 214.693   84
  439            784.806 497.952 214.131  333
  440            781.856 495.073 214.008  333
  441            786.213 499.782 214.067   84
  442            782.289 504.031 214.823   84
  443            797.932 484.450 214.672   40
  444            793.967 486.570 214.694   40
  445            798.615 482.301 214.123  111
  446            806.787 470.978 216.511   13
  447            810.855 475.933 215.887   13
  448            808.245 482.794 215.480   84
  449            806.683 481.685 215.297   84
  450            809.895 506.842 214.493   40
  451            808.223 508.390 214.237  111
  452            805.371 510.450 214.421   11
  453            821.407 489.883 215.081   13
  454            828.597 484.523 215.240   13
  455            834.134 480.183 214.809   13
  456            813.864 504.099 214.438   40
  457            814.950 502.908 214.079  111
  458            811.965 494.569 214.539  111
  459            819.030 498.777 214.508   47
  460            814.144 497.212 214.568   14
  461            823.173 504.087 214.443   81
  462            825.351 507.009 214.542   81
  463            830.513 514.180 214.064   11
  464            831.714 519.368 214.000   11
  465            835.609 520.950 213.776   47
  466            829.044 516.518 213.893  111
  467            794.456 512.787 215.577   13
  468            826.905 519.068 213.939   40
  469            800.651 520.001 216.187   13
  470            805.219 516.088 215.666   81
  471            807.826 513.712 215.952   81
  472            814.584 516.135 213.993  111
  473            816.005 515.713 214.195   40
  474            814.087 519.471 214.262   40
  475            820.188 522.647 214.087   40
  476            816.381 523.503 214.185   40
  477            824.498 524.902 213.963   40
  478            829.548 522.478 213.841   40
  479            836.035 526.520 213.605   40
  480            840.279 542.880 213.455   40
  481            843.716 524.724 213.791   40
  482            844.137 537.360 213.276   40
  483            835.730 521.034 213.764   56
  484            849.617 536.435 213.217   47
  485            845.678 531.141 213.539   40
  486            844.191 533.422 213.406   99
  487            844.169 533.421 213.406   99
  488     ST10   800.090 494.878 214.670   99
  489            841.961 514.807 214.177   47
  490            841.973 514.800 214.178   13
  491            815.714 534.093 216.403   13
  492            821.010 539.751 215.394   13
  493            850.217 509.523 213.804   13
  494            856.011 505.989 214.053   13
  495            859.192 510.986 214.018   47
  496            850.570 514.357 213.910  111
  497            855.119 517.645 213.996   40
  498            857.780 521.380 214.032   40
  499            858.670 522.301 213.593  111
  500            868.454 506.715 214.091   40
  501            860.068 524.095 213.750   11
  502            872.428 510.072 214.199   40
  503            873.875 510.758 213.600  111
  504            876.400 496.221 214.217   47
  505            881.589 502.432 214.263   40
  506            878.615 497.934 214.241   40
  507            876.674 494.400 214.759   81
  508            883.157 503.335 213.673  111
  509            880.102 492.344 214.803   81
  510            891.867 493.139 214.326   40
  511            887.830 489.303 214.260   40
  512            893.648 494.212 213.726  111
  513            890.390 506.537 213.808   84
  514            865.114 524.752 213.839   13
  515            857.143 531.707 214.226   13
  516            862.820 538.474 213.878   13
  517            848.161 540.818 212.642   14
  518            861.121 549.887 213.204   47
  519            858.090 552.621 212.381  111
  520            833.531 541.374 213.900   47
  521            838.384 544.950 213.620   14
  522            838.285 544.900 213.620   14
  523            826.822 549.219 214.232   13
  524            828.624 551.112 214.296   13
  525            830.336 549.516 214.267   13
  526            839.416 559.683 213.986   13
  527            854.912 542.134 213.799   84
  528            850.445 558.943 213.030   47
  529            863.572 551.489 213.680   47
  530            857.132 561.042 212.413   40
  531            859.976 558.181 212.359   40
  532            862.020 569.127 211.945  111
  533            867.042 564.769 211.785  111
  534            866.369 573.946 211.776   14
  535            872.738 564.417 211.878   14
  536            868.442 578.331 212.108   47
  537            849.701 559.339 213.202   81
  538            846.718 556.429 213.341   81
  539            833.195 541.440 213.988   81
  540            825.788 532.281 214.070   81
  541            819.300 524.622 214.012   56
  542            876.453 496.057 214.214   56
  543            874.421 579.202 211.857   99
  544            874.412 579.188 211.857   99      ST12
  545     ST12   874.421 579.202 211.857   99
  546            844.161 533.408 213.387   99      ST12
  547            849.891 571.652 214.904   13
  548            854.664 576.747 213.401   13
  549            856.323 578.432 213.204   13       PR
  550            861.186 572.594 212.638   84
  551            870.472 592.455 212.637   13
  552            871.701 592.238 212.506  111
  553            876.261 597.789 212.431   13
  554            878.737 596.872 212.149  111
  555            886.166 595.383 211.182   47
  556            887.505 594.459 211.249  111
  557            888.626 592.878 211.298   40
  558            891.319 589.783 211.294   40
  559            900.925 588.376 211.682   47
  560            899.922 589.555 210.357   47
  561            896.334 587.546 211.386   14
  562            907.139 566.079 211.891   27
  563            899.603 558.608 212.185   13
  564            844.180 533.436 213.395   13
  565            907.185 566.118 211.849   27
  566            893.869 600.668 211.062  111
  567            895.423 599.355 210.903   40
  568            898.234 596.483 210.937   40
  569            900.337 594.313 210.919  111
  570            888.431 609.437 213.689   13
  571            902.449 591.970 210.967   11
  572            894.105 614.753 213.746   13
  573            909.105 598.014 210.662   47
  574            885.321 608.517 211.894  111
  575            904.870 603.192 210.623   40
  576            886.024 603.010 212.740   81
  577            919.788 607.237 210.273   47
  578            885.333 597.547 213.179   81
  579            916.761 610.541 210.127  111
  580            910.715 585.643 213.312   13
  581            915.931 589.988 213.716   13
  582            915.266 613.247 210.304   40
  583            912.819 616.110 210.283   40
  584            912.211 617.316 210.012  111
  585            925.128 615.815 210.216   14
  586            923.904 620.054 209.539  111
  587            922.979 625.832 209.861   40
  588            925.569 623.165 209.795   40
  589            932.944 629.833 209.489   99
  590            932.946 629.835 209.489   99      ST13
  591     ST13   932.946 629.835 209.489   99
  592            874.464 579.271 211.860   99      ST13
  593            921.589 627.860 209.850   14
  594            908.649 628.733 210.291   13
  595            904.671 625.320 210.820   13
  596            943.577 628.562 209.226   11
  597            931.604 603.158 211.686   13
  598            938.080 608.857 211.902   13
  599            946.945 637.173 209.021   13
  600            932.787 613.748 210.314   84
  601            945.515 640.122 208.685  111
  602            939.042 645.030 209.388   84
  603            953.278 623.140 210.311   13
  604            942.282 647.565 209.259   47
  605            946.641 616.640 211.013   13
  606            945.301 616.731 210.695  111
  607            954.588 638.982 208.816   47
  608            931.100 651.010 211.205   13
  609            952.531 642.770 208.611  111
  610            923.997 643.890 211.463   13
  611            924.553 642.381 210.723  111
  612            951.416 645.550 208.428  111
  613            928.914 647.013 210.636  111
  614            950.799 646.458 208.712  111
  615            939.136 651.718 209.864   47
  616            948.075 648.960 208.824   40
  617            943.046 652.913 209.345   11
  618            946.347 653.161 208.740   11
  619            950.530 653.253 208.537   14
  620            950.126 655.657 208.655   11
  621            967.897 651.671 208.541   47
  622            944.181 662.107 212.135   13
  623            948.694 666.581 211.748   13
  624            966.911 657.284 208.064   14
  625            964.463 664.477 208.207   40
  626            962.643 633.342 211.361   13
  627            968.595 638.948 211.678   13
  628            976.945 676.288 207.928   40
  629            974.535 679.021 207.880   47
  630            960.405 678.443 210.162   13
  631            968.731 685.616 208.778   47
  632            965.483 683.538 208.577   13
  633            971.436 687.891 209.704   57
  634            966.039 669.027 208.103  111
  635            966.069 672.089 208.337  111
  636            986.092 677.890 207.337  111
  637            985.108 678.718 207.684   40
  638            982.809 681.870 207.641   40
  639            982.508 686.671 207.717   47
  640            989.458 673.762 207.763   11
  641            991.429 680.993 207.282   14
  642            990.208 683.855 207.444   40
  643            978.755 697.491 208.498   13
  644            988.002 686.769 207.412   40
  645            989.756 693.660 207.422   47
  646            986.712 704.593 210.451   13
  647            984.127 690.189 208.106   84
  648            986.838 687.789 207.487   99
  649            986.835 687.786 207.487   99      ST14
  650     ST14   986.835 687.785 207.487   99
  651            932.935 629.820 209.483   99      ST14
  652            990.834 684.361 207.411   40
  653            992.084 683.229 207.156  111
  654            995.424 680.008 207.549   11
  655            995.618 679.092 207.640   84
  656            994.187 677.452 207.867   84
  657            992.029 675.181 207.712   84
  658           1001.306 685.990 207.309   47
  659            997.949 701.459 207.149   47
  660           1006.045 705.728 206.619   14
  661            999.887 717.008 208.392   13
  662           1004.039 720.636 208.499   13
  663           1015.341 704.873 205.669   14
  664           1017.744 705.135 205.896  111
  665           1021.094 687.097 207.770   13
  666           1017.682 701.758 206.194   47
  667           1012.885 679.641 207.799   13
  668           1008.959 686.611 207.446   84
  669           1016.210 708.352 206.062   40
  670           1013.350 710.920 206.067   40
  671           1010.532 713.737 206.469   11
  672           1028.800 712.732 205.842   11
  673           1028.802 712.734 205.842   47
  674           1016.026 718.830 206.109   47
  675           1017.386 716.409 205.702  111
  676           1030.654 719.337 205.234  111
  677           1026.296 723.367 205.588   40
  678           1029.001 720.733 205.496   40
  679           1033.729 730.692 205.139   40
  680           1037.514 720.906 205.254   47
  681           1031.403 733.285 205.262   47
  682           1036.873 724.605 205.127  111
  683           1036.272 738.189 204.924   47
  684           1040.481 729.671 204.848   14
  685           1036.900 733.748 204.983   40
  686           1040.520 708.289 207.243   13
  687           1034.366 701.968 207.075   13
  688           1025.961 703.369 206.780   84
  689           1023.296 699.154 207.048   84
  690            983.079 651.413 210.111   13
  691           1002.694 676.820 207.828  111
  692           1005.269 673.694 208.176   13
  693            997.943 666.981 207.486   13
  694            991.483 670.303 208.048   13
  695            987.416 668.384 208.141   84
  696           1069.190 762.574 203.448   99                           200
  697           1069.190 762.574 203.449   99      ST15
  698     ST15  1069.190 762.573 203.448
  699     ST14   986.837 687.785 207.480   99      ST15
  700           1136.598 742.281 202.288   19
  701           1117.716 729.050 203.810  111
  702           1125.414 737.540 202.180   19
  703           1104.164 740.374 203.840  111
  704           1146.717 753.252 202.326   19
  705           1107.106 744.602 202.209   19
  706           1152.313 757.686 202.847  111
  707           1163.818 773.319 202.298   19
  708           1083.701 758.360 202.286   19
  709           1168.736 778.351 203.551  111
  710           1082.029 765.353 203.318  111
  711           1160.298 781.565 202.338   19
  712           1158.601 793.856 204.083  111
  713           1142.321 799.660 202.336   19
  714            978.972 848.022 203.989  111
  715           1142.889 812.494 204.284  111
  716           1002.807 856.199 202.097   19
  717           1127.546 806.010 202.313   19
  718            998.111 838.471 202.050   19
  719           1118.996 812.010 203.615  111
  720            995.038 840.298 202.217  111
  721           1113.869 791.939 202.343   19
  722           1002.097 840.318 203.456   14
  723           1102.819 792.242 203.404  111
  724            988.417 827.322 203.377   47
  725           1008.791 824.097 202.123   19
  726           1101.943 790.082 203.353   75
  727           1002.102 817.234 203.981   11
  728           1095.945 785.124 203.410   75
  729           1024.260 805.065 202.125   19
  730           1089.621 794.188 202.566   75
  731           1018.047 799.781 204.103   11
  732           1087.038 792.790 202.509   75
  733           1034.555 777.239 204.092   47
  734           1088.456 792.790 203.342   16
  735           1037.695 772.174 204.097   13
  736           1091.427 788.461 203.310   16
  737           1049.074 757.948 204.207   47
  738           1087.322 791.595 202.943   14
  739           1049.226 754.635 204.075   47
  740           1039.998 739.512 204.566   14
  741           1036.095 738.395 204.905   11
  742           1141.159 813.121 204.116   84
  743           1073.104 757.332 204.039   47
  744           1125.755 833.680 203.988   14
  745           1062.805 768.127 203.508   99      Stdp
  746           1045.374 758.486 204.653   13
  747           1041.420 754.517 204.985   13
  748           1127.176 835.524 204.511   47
  749           1039.624 764.450 204.571   13
  750           1041.217 748.141 204.996   84
  751           1112.362 850.691 203.508   84
  752           1112.362 850.690 203.508   47
  753           1119.839 842.867 203.500   40
  754           1054.749 738.352 204.676   47
  755           1124.052 839.728 203.460   40
  756           1116.511 830.429 203.271   40
  757           1120.028 827.915 203.358   40
  758           1071.955 738.880 205.556   13
  759           1079.986 747.398 206.392   13
  760           1111.786 813.403 203.126   40
  761           1115.514 806.795 203.567   40
  762           1080.275 783.719 203.015   40
  763           1083.487 781.230 202.977   40
  764           1061.020 781.840 203.176   67
  765           1051.690 769.051 203.532   67
  766           1050.310 749.528 203.956   67
  767     ST16  1140.004 711.269 203.419   99
  768           1069.172 762.586 203.436   99      ST15
  769           1160.933 678.210 203.537   47
  770           1149.175 714.351 202.303   19
  771           1154.906 685.449 203.652   11
  772           1151.339 708.535 202.713  111
  773           1166.391 686.413 203.228   14
  774           1158.147 708.468 202.277   19
  775           1163.371 635.218 205.394  111
  776           1162.963 698.244 202.315   19
  777           1170.185 635.633 203.124  111
  778           1161.533 695.058 203.011  111
  779           1166.614 637.858 203.740  111
  780           1170.699 693.738 202.307   19
  781           1150.403 635.322 204.275  111
  782           1166.259 686.376 203.247   14
  783           1150.761 653.345 204.173   47
  784           1184.568 683.567 202.331   19
  785           1131.285 637.882 205.887   47
  786           1181.858 657.777 202.716  111
  787           1211.574 664.921 202.331   19
  788           1193.326 642.096 202.496  111
  789     ST17  1129.057 614.359 206.025   99
  790     ST16  1140.004 711.269 203.419   99
  791           1069.176 762.584 203.434   99      ST15
  792           1129.083 614.364 206.026   99      ST17
  793     ST17  1129.084 614.364 206.026   99
  794           1140.005 711.280 203.409   99      ST16
  795           1169.637 619.560 203.783   14
  796           1110.149 622.112 205.997   47
  797           1139.646 602.784 206.093   42
  798           1093.077 612.701 206.726   42
  799           1164.816 603.400 204.999   42
  800           1165.602 587.476 205.314   42
  801           1072.625 659.177 206.996   41
  802           1142.571 586.259 206.154   42
  803           1050.976 641.394 208.029   41
  804           1137.408 577.856 206.477  111
  805           1093.455 606.311 206.731  111
  806           1120.816 573.382 207.088  111
  807           1085.194 604.712 207.358  111
  808           1114.486 555.595 207.541  111
  809           1048.879 632.183 208.545   13
  810           1096.748 547.006 207.858  111
  811           1051.710 635.237 208.442   13
  812           1049.773 637.540 208.624   13
  813           1071.841 522.349 208.616  111
  814           1035.240 626.751 209.239   13
  815           1039.346 540.239 210.213   47
  816           1050.094 554.899 209.076   47
  817           1060.939 568.914 208.093   47
  818           1031.721 629.926 209.226   13
  819           1073.575 585.479 207.634   47
  820           1035.399 632.951 208.993   14
  821           1088.230 661.597 207.263   13
  822           1085.314 664.591 207.325   13
  823           1092.612 665.840 207.147   13
  824           1130.864 637.812 205.128   47
  825     ST18  1026.696 524.764 211.048   99
  826           1129.088 614.367 206.015   47      ST17
  827           1066.651 559.716 207.957   45
  828           1084.366 541.605 207.824   45
  829           1075.945 527.598 208.258   45
  830           1035.601 538.897 210.312   45
  831           1023.136 529.150 211.140   45
  832           1066.529 504.711 209.434  111
  833            972.436 547.676 211.554   47
  834           1080.131 459.130 208.539  111
  835            953.942 530.960 211.894   47
  836           1044.394 435.047 210.629  111
  837            997.412 485.377 211.721   45
  838           1033.903 438.309 211.377  111
  839           1011.156 500.797 211.346   45
  840            994.569 473.420 211.579  111
  841            978.594 468.926 212.597   47
  842            985.463 467.745 211.827  111
  843            947.309 462.973 213.198   13
  844            951.275 466.309 213.120   13
  845            945.544 473.168 213.168   13
  846            971.572 446.591 212.058   42
  847           1008.336 416.267 212.454   42      ST19
  848           1006.037 402.675 211.046   42
  849           1062.721 389.619 210.271   42
  850           1076.396 409.737 208.947   42
  851           1048.372 490.384 210.770   42
  852           1015.636 499.020 211.591   42
  853     ST19   959.535 437.597 212.454
  854           1026.702 524.772 211.047   42      ST18
  855            844.246 533.445 213.368   42      ST11
  856            997.359 429.973 211.409   42
  857            991.528 353.405 212.796  111
  858            990.256 353.143 212.794   40
  859            990.598 354.058 212.847   40
  860            988.245 352.196 212.377   10
  861            985.672 351.713 213.077   3
  862            980.286 348.989 213.284   3
  863            976.573 373.176 212.754   40
  864            975.712 372.722 212.778   40
  865            973.173 372.454 212.473   10
  866            968.634 373.454 213.332   3
  867            954.476 383.486 212.708   3
  868            959.981 388.629 212.792   3
  869            960.873 389.656 212.136   10
  870            962.643 391.961 212.347   40
  871            963.223 392.654 212.317   40
  872            945.198 416.509 212.727   10
  873            934.697 388.953 213.206  111
  874            917.614 333.039 215.092   47
  875            928.458 330.554 214.887  111
  876            894.304 352.963 214.772   47
  877            889.383 379.140 214.631   90
  878            889.012 383.144 213.277   19
  879            882.261 383.848 214.213   90
  880            884.082 385.597 213.251   19
  881            873.676 393.595 214.232   90
  882            875.939 395.274 213.358   19
  883            878.753 403.738 214.302   90
  884            880.680 402.476 213.195   19
  885            882.388 408.016 214.306   44
  886            898.068 389.247 213.717   90
  887            897.470 389.646 213.075   19
  888            898.654 404.742 213.809   42
  889            860.864 447.744 214.986   42
  890            872.055 456.043 215.061   42
  891            877.210 461.184 214.660   42
  892            863.645 475.723 214.800   47
  893            876.921 487.218 215.104   47
  894            892.731 479.255 214.094   3
  895            903.716 457.463 214.498   56
  896            921.328 429.539 213.676   42
  897            911.841 421.679 213.587   42
  898            910.357 414.563 213.380   42
  899            872.167 456.053 214.860   47
  900            851.413 452.381 215.465   47
  901            836.951 432.705 215.292   47
  902     ST20   893.473 355.793 214.794
  903            959.537 437.593 212.426   47      ST20
  904            836.036 408.247 214.369   47
  905            835.827 402.855 214.381   90
  906            832.580 399.002 214.436   90
  907            836.510 395.346 214.495   90
  908            839.641 597.787 214.394   90
  909            816.989 426.915 214.756   47
  910            830.177 437.366 214.869   47
  911            823.176 431.413 214.723   44
  912            830.941 400.651 214.432   47
  913            814.740 384.109 215.156   47
  914            798.885 364.674 215.963   47
  915            803.768 363.626 215.461   90
  916            806.342 366.804 215.377   90
  917            810.774 363.665 215.472   90
  918            808.423 360.110 215.493   90
  919            819.960 346.190 215.493   47
  920            809.505 331.970 215.660  111
  921            797.589 325.371 215.792   47
  922            798.585 324.773 215.963   90
  923            799.289 330.793 215.558   90
  924            799.508 333.053 215.634   44
  925            805.457 339.935 215.652   44
  926            813.150 359.128 215.310   42
  927            818.524 380.643 215.042   42
  928            819.166 384.750 214.536   42
  929            830.412 395.664 214.473   42
  930            824.137 423.865 214.476   42
  931            833.056 434.373 214.626   42
  932            839.212 432.695 214.428   42
  933            881.421 383.696 214.172   42
  934            859.282 382.917 214.251   42
  935            869.320 378.256 214.510   42
  936            892.626 358.914 214.610   42
  937            886.167 350.788 214.706   42
  938            884.120 348.654 214.832   42
  939            872.906 335.657 215.423   42
  940            869.850 331.196 215.459   42
  941            868.574 322.209 215.492   47
  942            858.345 315.255 215.569   42
  943            849.284 301.740 215.724   42
  944            849.282 301.739 215.724  111
  945            842.144 292.883 216.111   47
  946            834.569 290.268 216.151   47
  947            823.174 278.103 216.892   47
  948            786.901 231.272 216.235   99      ST21
  949            806.038 259.657 217.098   47
  950            816.610 261.826 216.393   47
  951            812.292 259.741 216.271  111
  952     ST21   786.899 231.268 216.234   99
  953            893.483 355.806 214.787   99      ST20
  954            771.137 288.293 217.394   47
  955            764.085 294.161 217.443   47
  956            749.200 273.631 216.297   47
  957            732.405 286.889 216.049   47
  958            732.302 269.728 216.071   42
  959            725.791 259.623 215.662   42
  960            714.535 252.283 217.161   47
  961            719.778 247.301 216.974   47
  962            711.829 230.384 217.321   47
  963            702.544 221.673 216.747   47
  964            713.768 210.836 215.667   47
  965            706.052 199.742 216.259   56
  966            697.490 189.914 214.979   56
  967            676.414 169.381 214.712   84
  968            710.248 100.286 212.076   14
  969            737.135  99.154 210.909  111
  970            760.685 128.642 211.769  111
  971            780.551 157.548 213.584  111
  972            794.307 169.952 214.536  111
  973            810.831 175.853 215.441  111
  974            826.577 180.489 216.034  111
  975            819.256 201.061 215.553  111
  976            805.879 219.572 215.657  111
  977            768.094 213.748 215.477  111
  978            663.948 200.211 217.027   47
  979            652.875 167.273 213.860   42
  980            665.216 160.917 213.778   42
  981            655.861 190.543 216.392   47
  982   ST22    1062.805 768.127 203.508
  983           1069.103 762.648 203.435   47
  984           1185.021 745.419 202.533   14
  985           1184.802 761.447 203.140  111
  986           1190.471 773.042 204.627  111
  987           1196.036 782.950 206.024  111
  988           1203.916 803.534 207.502   14
  989           1187.196 801.352 206.766   81
  990           1184.082 805.122 208.459   81
  991           1169.833 785.119 204.278   42
  992           1163.388 791.258 205.662   47
  993           1158.747 793.022 203.984  111
  994           1160.220 794.694 204.361   11
  995           1147.367 754.527 202.351   90
  996           1148.654 752.077 202.308   90
  997           1150.234 757.867 202.578   90
  998           1154.127 756.695 202.475   90
  999           1161.205 763.801 202.467   90
  1000          1159.503 764.593 202.688  111
  1001          1169.294 769.688 202.478   90
  1002          1175.109 771.718 203.370  111
  1003          1112.870 846.290 203.375   99
  1004          1112.870 846.293 203.374   99       23
  1005  ST23    1112.871 846.292 203.374
  1006          1062.807 768.129 203.491   99       22
  1007          1069.074 762.662 203.421   99       15
  1008          1120.145 844.873 203.565   40
  1009          1125.176 842.637 203.579   40
  1010          1125.592 834.041 203.949   40
  1011          1129.613 832.569 204.702   11
  1012          1129.871 830.850 204.996  111
  1013          1128.715 829.084 204.886  111
  1014          1127.524 826.104 203.770  111
  1015          1125.399 830.334 203.825  111
  1016          1127.131 835.577 204.237   47
  1017          1132.878 840.053 204.820   84
  1018          1135.634 843.674 204.859   11
  1019          1132.919 845.936 204.326  111
  1020          1140.776 846.519 205.719   84
  1021          1145.525 852.399 205.813   47
  1022          1143.088 854.766 205.478  111
  1023          1140.953 857.579 204.737  111
  1024          1141.645 831.961 206.160   13
  1025          1146.608 836.301 206.565   13
  1026          1135.996 832.997 205.286  111
  1027          1132.139 833.962 204.867  111
  1028          1134.369 837.180 205.001  111
  1029          1136.856 837.690 205.675  111
  1030          1139.014 840.639 205.895  111
  1031          1144.740 842.739 206.221   84
  1032          1138.652 842.898 205.365  111
  1033          1160.686 848.088 207.980   13
  1034          1165.011 851.808 209.252   13
  1035          1157.025 850.166 207.128  111
  1036          1157.692 858.178 207.085   84
  1037          1151.793 854.967 206.689   84
  1038          1147.195 852.397 206.222   84
  1039          1156.589 861.129 207.084   11
  1040          1154.562 863.096 206.870  111
  1041          1152.601 865.292 205.947  111
  1042          1151.081 866.904 205.581  111
  1043          1160.510 872.637 206.446   14
  1044          1165.740 868.572 207.576   47
  1045          1178.523 878.926 208.185   11
  1046          1175.399 885.272 206.974  111
  1047          1172.230 886.565 206.857   40
  1048          1170.119 889.336 207.074   40
  1049          1157.577 878.493 206.284   40
  1050          1159.196 876.367 206.177   40
  1051          1146.233 877.900 205.796   11
  1052          1139.246 870.288 205.249  111
  1053          1137.577 870.975 205.132   47
  1054          1132.953 864.964 204.686  111
  1055          1131.077 865.880 204.653   11
  1056          1121.149 854.476 203.772  111
  1057          1112.344 850.800 203.469   47
  1058          1069.130 883.114 203.389   14
  1059          1080.260 885.564 203.815   45
  1060          1113.583 908.455 206.117   47
  1061          1113.002 906.370 205.900   45
  1062          1126.043 888.619 205.524   11
  1063          1189.596 892.993 207.953   99
  1064          1189.590 892.993 207.951   99       24
  1065          1181.874 866.043 209.833   13
  1066          1181.862 866.039 209.832   13
  1067          1189.304 872.777 209.717   13
  1068          1170.124 865.553 209.137   84
  1069          1170.970 868.567 208.395  111
  1070          1182.841 881.093 209.144  111
  1071          1182.847 881.096 209.145   84
  1072          1182.862 881.103 209.146   84
  1073           941.402 852.962 206.051   99
  1074          1146.612 897.151 208.110   13
  1075          1141.601 905.471 208.184   13
  1076          1159.257 905.338 208.826   13
  1077          1156.583 888.310 208.012   14
  1078  ST24    1189.597 892.994 207.953
  1079          1112.881 846.297 203.373   99
  1080          1112.881 846.297 203.373   99       23
  1081          1182.588 894.815 207.430   40
  1082          1180.242 896.919 207.450   40
  1083          1169.933 897.091 207.195   47
  1084          1165.554 903.827 207.120   11
  1085           941.424 852.960 206.050   99
  1086           941.426 852.957 206.049   99       25
  1087          1166.623 911.847 207.135  111
  1088          1156.798 922.806 207.427  111
  1089          1147.128 929.954 207.429   47
  1090          1190.765 918.987 207.670  111
  1091          1154.677 935.774 207.669  111
  1092          1195.293 963.958 210.173   14
  1093          1158.318 957.366 208.409   14
  1094          1161.994 950.779 208.292  111
  1095          1206.955 977.069 210.167  111
  1096          1169.691 936.404 208.295   14
  1097          1212.240 992.131 210.244   14
  1098          1179.350 944.491 208.890  111
  1099          1232.228 994.798 210.141  111
  1100          1186.983 946.504 209.142  111
  1101          1260.1491005.871 210.502   14
  1102          1198.530 945.870 209.311  111
  1103          1266.515 977.534 211.086  111
  1104          1211.811 942.942 208.998  111
  1105          1221.260 935.094 208.533  111
  1106          1276.294 945.305 210.046   40
  1107          1221.262 935.062 208.524  111
  1108          1277.535 942.802 210.069   40
  1109          1229.873 923.597 208.442   40
  1110          1285.157 932.784 210.655  111
  1111          1230.840 920.491 208.499   40
  1112          1290.885 917.063 210.981   40
  1113          1231.550 916.953 208.462   40
  1114          1291.191 914.149 210.882   40
  1115          1257.023 918.254 209.175   40
  1116          1256.728 915.382 209.026   40
  1117          1256.658 910.299 208.848  111
  1118          1308.070 867.690 210.294  111
  1119          1222.566 915.113 208.417   40
  1120          1304.818 838.440 208.718  111
  1121          1236.442 904.511 208.238  111
  1122          1246.849 880.350 207.800  111
  1123          1261.064 846.989 207.496   42
  1124          1245.593 874.801 207.653   11
  1125          1253.741 822.220 207.486   42
  1126          1257.341 865.934 207.756  111
  1127          1247.995 813.695 207.378   42
  1128          1244.375 809.589 207.470   42
  1129          1228.416 833.352 207.762   42
  1130          1228.431 833.329 207.820   42
  1131          1224.704 834.507 207.951   47
  1132          1217.818 847.663 207.779   14
  1133          1214.334 844.283 208.950   81
  1134          1209.879 849.772 209.131   81
  1135          1205.321 864.519 207.866  111
  1136          1193.505 871.594 208.284   11
  1137          1196.001 887.374 207.758   11
  1138          1184.076 883.128 208.224   47
  1139          1182.285 886.569 207.861  111
  1140  ST25     941.398 852.963 206.052
  1141          1189.560 893.000 207.942   99       24
  1142          1189.562 892.999 207.942   99       24
  1143          1112.859 846.309 203.374   99       23
  1144          1112.855 846.309 203.375   99       23
  1145          1112.858 846.310 203.369   99       23
  1146          1062.810 768.150 203.493   99       22
  1147          1062.806 768.142 203.493   99       22
  1148          1069.103 762.692 203.426   99       15
  1149          1069.098 762.692 203.428   99       15
  1150           988.300 827.213 202.811   47
  1151           980.898 837.719 203.079  111
  1152           975.228 828.743 202.828  111
  1153           978.465 822.052 203.889   11
  1154           972.495 818.587 203.956   47
  1155           963.218 822.600 203.533  111
  1156           960.035 814.308 204.405   14
  1157           958.561 809.719 204.709   47
  1158           958.561 809.720 204.709   81
  1159           954.139 816.202 203.862  111
  1160           952.976 806.666 204.971   47
  1161           952.976 806.666 204.972   81
  1162           945.878 807.993 204.676  111
  1163           940.569 809.773 205.194  111
  1164           939.579 797.886 205.612   11
  1165           926.110 790.086 206.251   47
  1166           922.332 792.293 206.181   42
  1167           917.188 787.323 206.358   42
  1168           916.059 779.280 206.728   47
  1169           913.301 782.229 206.721   47
  1170           913.274 786.198 206.396  111
  1171           906.093 792.786 206.375  111
  1172           903.608 778.074 207.177   14
  1173           893.805 786.830 206.975  111
  1174           898.789 801.283 205.202  111
  1175           907.830 801.128 205.098  111
  1176           924.962 759.731 207.433   81
  1177           919.341 755.520 207.442   81
  1178           916.502 800.309 204.235   90
  1179           921.123 758.216 207.565   84
  1180           928.116 755.861 209.079   81
  1181           924.177 800.478 205.297  111
  1182           935.001 807.011 204.388   90
  1183           934.776 807.366 204.126   90
  1184           936.884 806.889 205.375  111
  1185           934.410 811.843 204.215  111
  1186           933.449 815.599 205.291  111
  1187           928.045 815.078 205.004  111
  1188           927.803 813.056 204.196   90
  1189           918.949 809.836 204.979  111
  1190           918.617 808.089 204.218   90
  1191           599.976 600.547 212.282   99        1
  1192           599.999 600.518 212.281   99        1
  1193           600.012 600.515 212.276   99        1
  1194           599.999 600.512 212.275   99        1
  1195           912.394 806.841 205.136  111
  1196           912.641 803.809 204.210   90
  1197           909.545 800.972 204.823  111
  1198           912.827 801.063 204.251   90
  1199           911.511 797.538 205.104  111
  1200           899.877 803.245 205.226  111
  1201           893.138 815.195 206.629  111
  1202           892.984 831.259 207.788  111
  1203           896.007 838.474 208.064  111
  1204           898.816 841.164 208.008   14
  1205           890.498 850.126 208.480  111
  1206           873.180 869.379 209.528   42
  1207           842.063 855.522 210.504   42
  1208           863.166 863.026 210.019  111
  1209           875.576 871.313 209.277  111
  1210           876.783 893.377 208.664  111
  1211           873.215 905.438 208.664   42
  1212           883.391 905.118 208.295  111
  1213           901.265 897.823 207.999  111
  1214           901.190 897.664 207.932   14
  1215           916.732 885.183 207.513  111
  1216           929.583 873.195 206.628  111
  1217           940.192 884.758 207.015  111
  1218           947.790 884.908 206.785  111
  1219           962.287 879.995 205.692  111
  1220           975.967 866.098 204.979  111
  1221           960.758 855.108 205.397  111
  1222           958.277 845.110 205.163  111
  1223           947.815 838.965 205.215  111
  1224           934.072 845.978 206.045  111
  1225           848.386 774.559 209.028   99
  1226           848.383 774.535 209.022   99       26
  1227  ST26     848.382 774.536 209.022
  1228           941.388 852.954 206.043   99       25
  1229           846.938 769.544 208.108   90
  1230           846.982 770.523 208.505   19
  1231           830.714 757.342 208.115   90
  1232           829.784 758.427 208.863   19
  1233           854.566 796.913 208.156   14
  1234           815.648 751.255 208.118   90
  1235           814.997 752.848 208.515   19
  1236           846.340 798.053 208.351   14
  1237           807.231 748.135 208.137   90
  1238           806.510 749.187 208.421   19
  1239           857.007 764.209 208.937  111
  1240           796.309 734.524 208.115   90
  1241           794.765 733.139 208.327   19
  1242           854.323 763.182 207.885   90
  1243           855.908 763.691 208.812   19
  1244           791.836 753.102 209.030   14
  1245           857.341 755.432 207.938   90
  1246           858.822 755.712 208.499   19
  1247           793.849 755.397 208.831   42
  1248           849.417 743.214 208.675   14
  1249           821.513 768.757 208.948   42
  1250           808.776 792.457 209.713   42
  1251           803.671 796.380 210.487   13
  1252           879.217 710.617 210.464   81
  1253           798.989 806.195 210.537   13
  1254           875.875 707.191 210.576   81
  1255           875.164 693.782 210.992   11
  1256           792.332 791.116 210.590   13
  1257           870.028 689.322 210.883   47
  1258           779.528 781.592 210.223   42
  1259           857.342 699.737 209.834   42
  1260           791.048 755.152 208.957   42
  1261           839.034 721.695 209.362   42
  1262           835.937 733.154 207.967   90
  1263           742.515 754.056 210.017   42
  1264           837.054 731.945 208.792   19
  1265           753.573 695.805 209.394   14
  1266           829.204 732.208 207.958   90
  1267           829.365 730.712 208.593   19
  1268           720.984 684.959 210.021   47
  1269           820.297 739.468 208.022   90
  1270           717.129 672.240 210.164   14
  1271           819.791 738.451 208.591   19
  1272           728.950 666.265 210.513   19
  1273           728.951 666.267 210.514   14
  1274           812.368 738.797 208.070   90
  1275           749.843 662.334 209.965   14
  1276           813.203 738.392 208.336   19
  1277           803.328 733.549 208.271   19
  1278           802.910 734.197 207.942   90
  1279           748.555 609.474 212.196  111
  1280           752.372 613.489 212.723   47
  1281           795.826 735.046 208.000   90
  1282           794.868 733.663 208.222   19
  1283           757.957 619.577 211.947  111
  1284           763.476 625.057 211.549   47
  1285           780.972 639.922 211.096   42
  1286           794.867 745.331 208.578  111
  1287           810.391 603.975 212.953   47
  1288           822.914 763.392 208.583  111
  1289           827.396 625.441 212.889   11
  1290           833.179 775.952 208.897  111
  1291           843.901 785.714 208.293  111
  1292           784.991 680.121 210.687   47
  1293           774.972 674.189 211.820   42
  1294           767.536 661.422 212.100   42
  1295           782.200 641.394 210.975   42
  1296           772.435 633.962 211.170   42
  1297           753.297 650.400 210.189  111
  1298           738.371 651.623 210.229  111
  1299           599.976 600.480 212.282   99        1
  1300           740.202 675.119 210.179  111
  1301           733.594 685.888 209.775  111
  1302           726.827 699.263 209.972  111
  1303           745.981 709.833 209.682  111
  1304           755.945 709.302 209.483  111
  1305           771.903 731.055 209.212  111
  1306           789.462 722.085 208.436  111
























































































































































































































































































































































